[[55, 49], 
 [73, 66], 
 [92, 83], 
 [99, 100], 
 [117, 116], 
 [22, 15], 
 [26, 16], 
 [31, 30], 
 [33, 39], 
 [35, 47], 
 [43, 34], 
 [53, 60], 
 [64, 54], 
 [71, 77], 
 [81, 72], 
 [93, 87], 
 [98, 91], 
 [111, 104], 
 [114, 109], 
 [5, 4], 
 [16, 8], 
 [17, 12], 
 [21, 20], 
 [34, 24], 
 [35, 28], 
 [41, 40], 
 [50, 51], 
 [54, 45], 
 [61, 62], 
 [69, 68], 
 [71, 58], 
 [73, 85], 
 [80, 79], 
 [89, 88], 
 [92, 102], 
 [107, 106], 
 [109, 96], 
 [110, 118], 
 [122, 111], 
 [126, 125], 
 [4, 3], 
 [8, 9], 
 [12, 13], 
 [14, 0], 
 [20, 33], 
 [23, 24], 
 [28, 27], 
 [31, 32], 
 [42, 41], 
 [45, 46], 
 [49, 50], 
 [52, 37], 
 [59, 58], 
 [66, 65], 
 [69, 70], 
 [72, 62], 
 [78, 79], 
 [83, 84], 
 [87, 88], 
 [90, 75], 
 [97, 96], 
 [104, 103], 
 [107, 108], 
 [110, 100], 
 [120, 121], 
 [125, 124], 
 [3, 2], 
 [7, 6], 
 [10, 11], 
 [14, 18], 
 [21, 22], 
 [26, 25], 
 [29, 30], 
 [40, 39], 
 [43, 44], 
 [47, 48], 
 [56, 52], 
 [59, 60], 
 [63, 64], 
 [68, 67], 
 [78, 77], 
 [81, 82], 
 [86, 85], 
 [90, 94], 
 [97, 98], 
 [101, 102], 
 [106, 105], 
 [114, 115], 
 [119, 118], 
 [123, 122], 
 [1, 2], 
 [6, 5], 
 [10, 9], 
 [17, 30], 
 [18, 19], 
 [23, 22], 
 [26, 27], 
 [36, 51], 
 [38, 39], 
 [43, 42], 
 [47, 46], 
 [56, 57], 
 [61, 60], 
 [64, 65], 
 [68, 55], 
 [77, 76], 
 [80, 81], 
 [85, 84], 
 [89, 74], 
 [93, 106], 
 [95, 94], 
 [99, 98], 
 [102, 103], 
 [112, 126], 
 [113, 114], 
 [117, 118], 
 [121, 122], 
 [1, 0], 
 [4, 15], 
 [8, 7], 
 [11, 12], 
 [19, 20], 
 [25, 24], 
 [29, 28], 
 [32, 36], 
 [37, 38], 
 [41, 53], 
 [45, 44], 
 [49, 48], 
 [57, 58], 
 [63, 62], 
 [67, 66], 
 [74, 70], 
 [75, 76], 
 [79, 91], 
 [82, 83], 
 [86, 87], 
 [95, 96], 
 [101, 100], 
 [105, 104], 
 [112, 108], 
 [116, 115], 
 [119, 120], 
 [124, 123]]